kinematics:
  shoulder:
    x: 0
    y: 0
    z: 0.1628802925770108
    roll: -0
    pitch: 0
    yaw: -4.558604431992297e-07
  upper_arm:
    x: 8.484857052544606e-05
    y: 0
    z: 0
    roll: 1.571163026324983
    pitch: 0
    yaw: -4.102725964738596e-06
  forearm:
    x: -0.425257492088491
    y: 0
    z: 0
    roll: 0.0005034682818701425
    pitch: -0.0005903263117061297
    yaw: 6.750786626991318e-06
  wrist_1:
    x: -0.3926770914993899
    y: -0.0005850593899432421
    z: 0.1330336109166529
    roll: 0.004397803037091801
    pitch: -0.001034326470727774
    yaw: -6.146371087837937e-06
  wrist_2:
    x: 1.255417056580062e-05
    y: -0.09974750707126104
    z: 5.916618679592807e-06
    roll: 1.570737010839577
    pitch: 0
    yaw: 1.391297202576677e-07
  wrist_3:
    x: 9.503762331047975e-05
    y: 0.09961954057891584
    z: 3.950625553745527e-05
    roll: 1.571192898122538
    pitch: 3.141592653589793
    yaw: 3.141592651796398
  hash: calib_409975432901276586