kinematics:
  shoulder:
    x: 0
    y: 0
    z: 0.1627875146305241
    roll: -0
    pitch: 0
    yaw: 3.364239627330623e-09
  upper_arm:
    x: 0.0001462050992600057
    y: 0
    z: 0
    roll: 1.571036984422348
    pitch: 0
    yaw: 4.808894320330174e-06
  forearm:
    x: -0.4251048892291786
    y: 0
    z: 0
    roll: 0.001250689289880562
    pitch: -0.0008001315647834159
    yaw: 9.320114974049874e-06
  wrist_1:
    x: -0.3926365778019456
    y: -0.0007048711257247035
    z: 0.1328201061242082
    roll: 0.005306911198263462
    pitch: -0.0009410716231726188
    yaw: -1.160798509736536e-06
  wrist_2:
    x: -7.93593853776248e-05
    y: -0.09980198103699432
    z: 2.315869245693223e-05
    roll: 1.570564280378577
    pitch: 0
    yaw: -2.135986536602741e-07
  wrist_3:
    x: 9.112212323095715e-05
    y: 0.09962247455884514
    z: 1.253239592000671e-07
    roll: 1.570797584783716
    pitch: 3.141592653589793
    yaw: 3.14159246434371
  hash: calib_11992134938734191874